-0.0002584236453369386
-0.0002603397251415918
-0.00026226696492264606
-0.0002642054079878449
-0.0002661550976872566
-0.00026811607741271637
-0.0002700883905972536
-0.00027207208071452897
-0.0002740671912782673
-0.00027607376584168634
-0.0002780918479969272
-0.00028012148137448664
-0.0002821627096426384
-0.0002842155765068634
-0.00028628012570927527
-0.0002883564010280426
-0.00029044444627681357
-0.00029254430530414074
-0.0002946560219928959
-0.0002967796402596958
-0.0002989152040543192
-0.0003010627573591256
-0.00030322234418847125
-0.0003053940085881303
-0.00030757779463470446
-0.00030977374643504003
-0.00031198190812564344
-0.00031420232387209204
-0.00031643503786844563
-0.00031868009433666376
-0.0003209375375260085
-0.00032320741171245834
-0.00032548976119811765
-0.0003277846303106243
-0.0003300920634025559
-0.00033241210485084304
-0.00033474479905616693
-0.00033709019044237076
-0.00033944832345586453
-0.0003418192425650281
-0.0003442029922596151
-0.0003465996170501606
-0.0003490091614673774
-0.00035143167006156334
-0.00035386718740200077
-0.0003563157580763599
-0.00035877742669009695
-0.00036125223786586107
-0.0003637402362428854
-0.0003662414664763937
-0.0003687559732369961
-0.0003712838012100906
-0.00037382499509525937
-0.0003763795996056717
-0.00037894765946747436
-0.00038152921941919627
-0.0003841243242111424
-0.0003867330186047927
-0.0003893553473721976
-0.0003919913552953754
-0.00039464108716571225
-0.0003973045877833518
-0.00039998190195659783
-0.0004026730745013057
-0.00040537815024028264
-0.0004080971740026792
-0.0004108301906233922
-0.0004135772449424518
-0.00041633838180442367
-0.0004191136460578012
-0.0004219030825544042
-0.0004247067361487718
-0.0004275246516975635
-0.0004303568740589481
-0.0004332034480920041
-0.0004360644186561139
-0.00043893983061036256
-0.0004418297288129298
-0.0004447341581204942
-0.0004476531633876204
-0.00045058678946616155
-0.00045353508120465555
-0.0004564980834477222
-0.0004594758410354579
-0.0004624683988028427
-0.00046547580157912493
-0.00046849809418722933
-0.000471535321443152
-0.00047458752815536114
-0.00047765475912419167
-0.0004807370591412563
-0.0004838344729888314
-0.0004869470454392653
-0.0004900748212543801
-0.0004932178451848686
-0.0004963761619696984
-0.0004995498163355181
-0.0005027388529960528
-0.0005059433166515102
-0.0005091632519879869
-0.0005123987036768706
-0.0005156497163742439
-0.0005189163347202908
-0.0005221986033387079
-0.0005254965668361003
-0.0005288102698013973
-0.0005321397568052586
-0.0005354850723994808
-0.0005388462611164064
-0.0005422233674683425
-0.0005456164359469561
-0.0005490255110226988
-0.0005524506371442119
-0.000555891858737742
-0.0005593492202065517
-0.0005628227659303428
-0.0005663125402646586
-0.0005698185875403094
-0.0005733409520627851
-0.0005768796781116763
-0.0005804348099400879
-0.000584006391774067
-0.0005875944678120137
-0.0005911990822241086
-0.000594820279151732
-0.0005984581027068898
-0.000602112596971634
-0.000605783805997495
-0.0006094717738048991
-0.0006131765443825999
-0.0006168981616871058
-0.0006206366696421102
-0.0006243921121379197
-0.0006281645330308903
-0.0006319539761428523
-0.0006357604852605497
-0.0006395841041350715
-0.0006434248764812894
-0.0006472828459772917
-0.000651158056263831
-0.0006550505509437481
-0.0006589603735814235
-0.000662887567702215
-0.0006668321767919013
-0.0006707942442961249
-0.0006747738136198423
-0.0006787709281267625
-0.0006827856311387994
-0.000686817965935521
-0.0006908679757535971
-0.0006949357037862521
-0.0006990211931827245
-0.0007031244870477083
-0.0007072456284408169
-0.0007113846603760394
-0.0007155416258211975
-0.0007197165676974059
-0.0007239095288785304
-0.0007281205521906599
-0.0007323496804115565
-0.0007365969562701304
-0.0007408624224459047
-0.0007451461215684815
-0.0007494480962170108
-0.0007537683889196724
-0.0007581070421531315
-0.0007624640983420245
-0.0007668395998584321
-0.0007712335890213536
-0.0007756461080961883
-0.0007800771992942216
-0.000784526904772093
-0.00078899526663129
-0.0007934823269176303
-0.0007979881276207484
-0.000802512710673582
-0.0008070561179518682
-0.0008116183912736261
-0.0008161995723986549
-0.0008207997030280278
-0.0008254188248035886
-0.000830056979307446
-0.0008347142080614852
-0.0008393905525268536
-0.0008440860541034716
-0.0008488007541295387
-0.000853534693881039
-0.0008582879145712432
-0.000863060457350233
-0.0008678523633043986
-0.0008726636734559555
-0.0008774944287624653
-0.0008823446701163484
-0.0008872144383443983
-0.0008921037742073199
-0.0008970127183992279
-0.0009019413115471871
-0.0009068895942107323
-0.0009118576068813992
-0.0009168453899822527
-0.000921852983867416
-0.0009268804288216125
-0.0009319277650596892
-0.0009369950327261639
-0.0009420822718947549
-0.0009471895225679292
-0.0009523168246764504
-0.0009574642180789049
-0.0009626317425612675
-0.00096781943783644
-0.0009730273435438019
-0.00097825549924877
-0.0009835039444423418
-0.0009887727185406644
-0.0009940618608845827
-0.0009993714107392015
-0.0010047014072934518
-0.001010051889659652
-0.001015422896873071
-0.0010208144678915101
-0.0010262266415948526
-0.0010316594567846506
-0.0010371129521836956
-0.0010425871664355934
-0.0010480821381043393
-0.0010535979056739125
-0.0010591345075478392
-0.0010646919820487878
-0.0010702703674181553
-0.001075869701815652
-0.0010814900233188918
-0.0010871313699229957
-0.0010927937795401695
-0.0010984772899993115
-0.0011041819390456063
-0.001109907764340132
-0.0011156548034594543
-0.0011214230938952447
-0.0011272126730538727
-0.0011330235782560226
-0.0011388558467363076
-0.0011447095156428776
-0.0011505846220370391
-0.0011564812028928668
-0.0011623992950968397
-0.0011683389354474418
-0.001174300160654798
-0.0011802830073402999
-0.0011862875120362314
-0.0011923137111854091
-0.001198361641140798
-0.0012044313381651605
-0.0012105228384306883
-0.0012166361780186416
-0.001222771392918992
-0.0012289285190300648
-0.0012351075921581919
-0.0012413086480173481
-0.0012475317222288079
-0.0012537768503207982
-0.0012600440677281513
-0.001266333409791961
-0.0012726449117592522
-0.0012789786087826227
-0.0012853345359199221
-0.0012917127281339108
-0.0012981132202919319
-0.0013045360471655746
-0.001310981243430362
-0.001317448843665403
-0.001323938882353087
-0.001330451393878755
-0.0013369864125303832
-0.001343543972498262
-0.001350124107874698
-0.0013567268526536772
-0.0013633522407305715
-0.001370000305901829
-0.0013766710818646645
-0.0013833646022167574
-0.0013900809004559593
-0.0013968200099799828
-0.0014035819640861125
-0.0014103667959709052
-0.0014171745387299064
-0.0014240052253573503
-0.00143085888874589
-0.0014377355616862885
-0.0014446352768671534
-0.0014515580668746492
-0.001458503964192221
-0.001465473001200314
-0.0014724652101761149
-0.0014794806232932577
-0.001486519272621567
-0.0014935811901267949
-0.0015006664076703425
-0.001507774957009014
-0.0015149068697947376
-0.0015220621775743318
-0.0015292409117892232
-0.0015364431037752102
-0.0015436687847622023
-0.0015509179858739783
-0.0015581907381279415
-0.0015654870724348608
-0.0015728070195986427
-0.0015801506103160859
-0.0015875178751766426
-0.0015949088446621856
-0.0016023235491467675
-0.0016097620188964097
-0.0016172242840688468
-0.0016247103747133174
-0.0016322203207703345
-0.00163975415207146
-0.001647311898339103
-0.001654893589186274
-0.001662499254116389
-0.0016701289225230513
-0.0016777826236898407
-0.0016854603867901058
-0.001693162240886749
-0.001700888214932049
-0.0017086383377674212
-0.0017164126381232442
-0.0017242111446186532
-0.0017320338857613501
-0.0017398808899473984
-0.0017477521854610569
-0.001755647800474561
-0.001763567763047956
-0.001771512101128908
-0.0017794808425525192
-0.0017874740150411507
-0.0017954916462042533
-0.0018035337635381751
-0.0018116003944260003
-0.0018196915661373753
-0.0018278073058283415
-0.0018359476405411651
-0.0018441125972041752
-0.0018523022026316106
-0.001860516483523441
-0.0018687554664652247
-0.0018770191779279447
-0.001885307644267858
-0.0018936208917263576
-0.0019019589464297965
-0.0019103218343893614
-0.0019187095815009227
-0.001927122213544891
-0.001935559756186078
-0.0019440222349735527
-0.0019525096753405247
-0.0019610221026041845
-0.001969559541965585
-0.001978122018509513
-0.001986709557204355
-0.001995322182901989
-0.0020039599203376356
-0.0020126227941297562
-0.0020213108287799276
-0.002030024048672725
-0.0020387624780756077
-0.0020475261411388073
-0.0020563150618952268
-0.0020651292642603074
-0.00207396877203195
-0.0020828336088903904
-0.0020917237983981117
-0.0021006393639997315
-0.002109580329021925
-0.002118546716673301
-0.0021275385500443304
-0.002136555852107243
-0.002145598645715946
-0.0021546669536059234
-0.0021637607983941765
-0.002172880202579109
-0.002182025188540468
-0.002191195778539252
-0.0022003919947176423
-0.0022096138590989235
-0.0022188613935874082
-0.0022281346199683827
-0.0022374335599080076
-0.0022467582349532775
-0.0022561086665319413
-0.0022654848759524394
-0.0022748868844038646
-0.002284314712955866
-0.0022937683825586235
-0.0023032479140427733
-0.002312753328119365
-0.0023222846453798116
-0.0023318418862958244
-0.002341425071219398
-0.002351034220382725
-0.0023606693538981848
-0.0023703304917582846
-0.00238001765383562
-0.0023897308598828633
-0.002399470129532687
-0.0024092354822977586
-0.0024190269375707037
-0.0024288445146240676
-0.0024386882326103004
-0.0024485581105617147
-0.0024584541673904887
-0.0024683764218886113
-0.0024783248927278813
-0.0024882995984598848
-0.0024983005575159745
-0.002508327788207276
-0.002518381308724637
-0.0025284611371386516
-0.0025385672913996295
-0.0025486997893376037
-0.0025588586486623116
-0.002569043886963195
-0.002579255521709421
-0.002589493570249839
-0.0025997580498130185
-0.002610048977507235
-0.002620366370320484
-0.00263071024512048
-0.0026410806186546853
-0.0026514775075502893
-0.0026619009283142476
-0.0026723508973332836
-0.002682827430873907
-0.0026933305450824343
-0.002703860255985017
-0.0027144165794876383
-0.002724999531376158
-0.0027356091273163328
-0.0027462453828538355
-0.0027569083134142917
-0.002767597934303302
-0.002778314260706498
-0.002789057307689533
-0.0027998270901981514
-0.0028106236230582143
-0.0028214469209757354
-0.0028322969985369343
-0.00284317387020826
-0.0028540775503364444
-0.0028650080531485485
-0.002875965392752004
-0.0028869495831346697
-0.002897960638164867
-0.0029089985715914624
-0.0029200633970438788
-0.002931155128032183
-0.0029422737779471247
-0.0029534193600602027
-0.0029645918875237333
-0.00297579137337089
-0.002987017830515782
-0.002998271271753515
-0.0030095517097602563
-0.003020859157093305
-0.0030321936261911513
-0.0030435551293735786
-0.0030549436788416882
-0.003066359286678011
-0.0030778019648465653
-0.003089271725192934
-0.0031007685794443613
-0.003112292539209807
-0.0031238436159800433
-0.0031354218211277303
-0.0031470271659075092
-0.0031586596614560803
-0.0031703193187922864
-0.0031820061488172266
-0.0031937201623143128
-0.0032054613699493803
-0.0032172297822707797
-0.003229025409709464
-0.0032408482625790997
-0.0032526983510761374
-0.0032645756852799543
-0.003276480275152904
-0.0032884121305404536
-0.00330037126117127
-0.0033123576766573275
-0.003324371386494031
-0.00333641240006029
-0.0033484807266186563
-0.003360576375315414
-0.0033726993551807054
-0.0033848496751286363
-0.0033970273439573847
-0.0034092323703493435
-0.0034214647628711937
-0.0034337245299740516
-0.0034460116799935854
-0.00345832622115012
-0.0034706681615487935
-0.003483037509179638
-0.0034954342719177244
-0.0035078584575232935
-0.0035203100736418713
-0.003532789127804407
-0.003545295627427384
-0.0035578295798129912
-0.0035703909921492036
-0.0035829798715099463
-0.003595596224855225
-0.00360824005903125
-0.003620911380770599
-0.0036336101966923237
-0.0036463365133021066
-0.0036590903369923974
-0.0036718716740425546
-0.003684680530618991
-0.003697516912775306
-0.003710380826452458
-0.0037232722774788803
-0.003736191271570638
-0.003749137814331583
-0.003762111911253501
-0.0037751135677162482
-0.003788142788987947
-0.0038011995802250697
-0.0038142839464726562
-0.0038273958926644315
-0.0038405354236229756
-0.0038537025440598754
-0.003866897258575905
-0.003880119571661144
-0.0038933694876951727
-0.003906647010947218
-0.003919952145576321
-0.003933284895631497
-0.003946645265051899
-0.003960033257667005
-0.003973448877196749
-0.003986892127251708
-0.004000363011333276
-0.004013861532833811
-0.00402738769503685
-0.004040941501117226
-0.004054522954141276
-0.004068132057067008
-0.0040817688127442655
-0.004095433223914916
-0.004109125293213015
-0.004122845023165011
-0.004136592416189877
-0.004150367474599332
-0.004164170200597996
-0.00417800059628358
-0.004191858663647085
-0.004205744404572951
-0.004219657820839259
-0.004233598914117923
-0.004247567685974859
-0.004261564137870186
-0.004275588271158394
-0.004289640087088572
-0.004303719586804549
-0.004317826771345103
-0.0043319616416441645
-0.004346124198530982
-0.004360314442730362
-0.004374532374862792
-0.004388777995444694
-0.00440305130488859
-0.004417352303503303
-0.004431680991494163
-0.004446037368963184
-0.004460421435909301
-0.004474833192228511
-0.004489272637714117
-0.004503739772056911
-0.004518234594845395
-0.004532757105565931
-0.004547307303603019
-0.00456188518823944
-0.004576490758656482
-0.004591124013934136
-0.004605784953051316
-0.00462047357488605
-0.004635189878215708
-0.004649933861717184
-0.004664705523967123
-0.004679504863442095
-0.004694331878518872
-0.004709186567474559
-0.0047240689284868695
-0.004738978959634306
-0.0047539166588963745
-0.004768882024153786
-0.004783875053188698
-0.004798895743684909
-0.004813944093228094
-0.004829020099305965
-0.004844123759308573
-0.00485925507052843
-0.00487441403016081
-0.004889600635303895
-0.0049048148829590596
-0.004920056770031044
-0.004935326293328186
-0.004950623449562635
-0.004965948235350591
-0.004981300647212502
-0.004996680681573324
-0.005012088334762674
-0.005027523603015136
-0.005042986482470414
-0.005058476969173591
-0.005073995059075357
-0.005089540748032208
-0.005105114031806721
-0.005120714906067695
-0.005136343366390462
-0.005151999408257073
-0.0051676830270565195
-0.0051833942180850015
-0.005199132976546078
-0.005214899297551
-0.005230693176118848
-0.005246514607176808
-0.005262363585560389
-0.005278240106013654
-0.005294144163189465
-0.005310075751649681
-0.005326034865865422
-0.005342021500217294
-0.005358035648995587
-0.005374077306400593
-0.005390146466542711
-0.0054062431234428105
-0.005422367271032389
-0.005438518903153806
-0.00545469801356058
-0.005470904595917531
-0.005487138643801101
-0.005503400150699546
-0.00551968911001317
-0.005536005515054587
-0.005552349359048931
-0.0055687206351341095
-0.005585119336361028
-0.005601545455693866
-0.005617998986010248
-0.0056344799201015535
-0.005650988250673091
-0.0056675239703443845
-0.005684087071649405
-0.00570067754703679
-0.005717295388870097
-0.005733940589428041
-0.005750613140904731
-0.005767313035409938
-0.0057840402649692885
-0.005800794821524552
-0.005817576696933847
-0.005834385882971906
-0.005851222371330307
-0.005868086153617715
-0.005884977221360143
-0.005901895566001153
-0.005918841178902153
-0.005935814051342605
-0.005952814174520267
-0.005969841539551458
-0.005986896137471268
-0.006003977959233867
-0.0060210869957126765
-0.006038223237700639
-0.006055386675910477
-0.006072577300974931
-0.0060897951034470195
-0.006107040073800213
-0.006124312202428799
-0.0061416114796480166
-0.006158937895694364
-0.006176291440725815
-0.0061936721048220945
-0.0062110798779849135
-0.0062285147501381895
-0.006245976711128299
-0.00626346575072439
-0.006280981858618522
-0.006298525024426012
-0.006316095237685578
-0.006333692487859724
-0.006351316764334839
-0.00636896805642155
-0.0063866463533549245
-0.0064043516442947035
-0.006422083918325612
-0.006439843164457534
-0.006457629371625799
-0.006475442528691427
-0.006493282624441364
-0.006511149647588746
-0.006529043586773127
-0.006546964430560759
-0.006564912167444797
-0.006582886785845578
-0.00660088827411086
-0.006618916620516062
-0.006636971813264544
-0.006655053840487805
-0.006673162690245773
-0.006691298350527036
-0.006709460809249093
-0.006727650054258582
-0.006745866073331574
-0.006764108854173793
-0.006782378384420861
-0.006800674651638536
-0.006818997643323004
-0.006837347346901068
-0.006855723749730472
-0.006874126839100046
-0.006892556602230069
-0.00691101302627242
-0.006929496098310893
-0.006948005805361401
-0.006966542134372252
-0.006985105072224399
-0.007003694605731645
-0.0070223107216409505
-0.007040953406632645
-0.007059622647320667
-0.00707831843025287
-0.007097040741911166
-0.007115789568711892
-0.007134564897005966
-0.007153366713079191
-0.0071721950031524585
-0.0071910497533820205
-0.007209930949859769
-0.007228838578613395
-0.007247772625606736
-0.007266733076739937
-0.007285719917849764
-0.007304733134709808
-0.00732377271303074
-0.0073428386384605925
-0.007361930896584946
-0.007381049472927229
-0.007400194352948921
-0.0074193655220498225
-0.007438562965568332
-0.0074577866687816075
-0.007477036616905888
-0.007496312795096716
-0.007515615188449165
-0.00753494378199811
-0.007554298560718458
-0.007573679509525407
-0.007593086613274669
-0.007612519856762726
-0.007631979224727075
-0.007651464701846476
-0.007670976272741218
-0.007690513921973267
-0.007710077634046659
-0.007729667393407615
-0.007749283184444851
-0.007768924991489799
-0.007788592798816852
-0.007808286590643632
-0.00782800635113118
-0.007847752064384251
-0.007867523714451525
-0.007887321285325846
-0.007907144760944517
-0.007926994125189447
-0.007946869361887494
-0.007966770454810623
-0.007986697387676212
-0.008006650144147247
-0.008026628707832563
-0.008046633062287149
-0.008066663191012282
-0.008086719077455869
-0.008106800705012622
-0.008126908057024304
-0.008147041116780036
-0.008167199867516396
-0.008187384292417832
-0.00820759437461675
-0.008227830097193842
-0.00824809144317829
-0.008268378395547997
-0.008288690937229864
-0.008309029051099988
-0.008329392719983906
-0.008349781926656837
-0.008370196653843927
-0.008390636884220464
-0.008411102600412137
-0.008431593784995268
-0.008452110420497027
-0.008472652489395688
-0.00849321997412085
-0.008513812857053674
-0.00853443112052715
-0.008555074746826269
-0.0085757437181883
-0.008596438016803019
-0.008617157624812929
-0.008637902524313509
-0.008658672697353414
-0.008679468125934774
-0.008700288792013348
-0.008721134677498788
-0.008742005764254891
-0.008762902034099797
-0.008783823468806264
-0.008804770050101801
-0.00882574175966905
-0.008846738579145868
-0.008867760490125647
-0.00888880747415751
-0.008909879512746523
-0.008930976587353995
-0.008952098679397622
-0.00897324577025175
-0.00899441784124761
-0.009015614873673512
-0.009036836848775166
-0.009058083747755734
-0.009079355551776264
-0.009100652241955744
-0.009121973799371429
-0.009143320205059017
-0.009164691440012888
-0.009186087485186352
-0.009207508321491848
-0.00922895392980114
-0.009250424290945601
-0.009271919385716395
-0.009293439194864713
-0.009314983699101984
-0.009336552879100138
-0.009358146715491756
-0.009379765188870346
-0.009401408279790562
-0.009423075968768378
-0.009444768236281377
-0.00946648506276892
-0.009488226428632373
-0.00950999231423533
-0.009531782699903851
-0.009553597565926658
-0.009575436892555338
-0.00959730066000462
-0.009619188848452523
-0.00964110143804061
-0.009663038408874194
-0.009684999741022552
-0.009706985414519176
-0.009728995409361917
-0.009751029705513262
-0.009773088282900523
-0.009795171121416054
-0.009817278200917455
-0.009839409501227808
-0.00986156500213588
-0.009883744683396322
-0.009905948524729896
-0.00992817650582368
-0.009950428606331269
-0.009972704805873043
-0.009995005084036257
-0.010017329420375403
-0.010039677794412298
-0.010062050185636346
-0.010084446573504735
-0.010106866937442657
-0.010129311256843524
-0.010151779511069124
-0.010174271679449886
-0.010196787741285055
-0.010219327675842911
-0.010241891462360991
-0.010264479080046223
-0.010287090508075249
-0.010309725725594509
-0.01033238471172053
-0.01035506744554009
-0.010377773906110412
-0.010400504072459437
-0.01042325792358593
-0.010446035438459731
-0.010468836596021977
-0.010491661375185252
-0.010514509754833833
-0.010537381713823854
-0.010560277230983567
-0.010583196285113445
-0.010606138854986461
-0.010629104919348265
-0.01065209445691735
-0.010675107446385331
-0.010698143866417039
-0.010721203695650782
-0.010744286912698534
-0.010767393496146119
-0.010790523424553403
-0.010813676676454512
-0.010836853230358014
-0.010860053064747119
-0.010883276158079824
-0.010906522488789193
-0.010929792035283475
-0.010953084775946371
-0.010976400689137113
-0.010999739753190789
-0.011023101946418434
-0.011046487247107264
-0.01106989563352086
-0.011093327083899342
-0.01111678157645961
-0.011140259089395463
-0.011163759600877824
-0.011187283089054935
-0.011210829532052505
-0.011234398907973996
-0.011257991194900634
-0.011281606370891805
-0.011305244413985064
-0.011328905302196423
-0.01135258901352051
-0.011376295525930728
-0.011400024817379477
-0.01142377686579833
-0.011447551649098178
-0.01147134914516946
-0.011495169331882318
-0.0115190121870868
-0.011542877688613002
-0.011566765814271313
-0.011590676541852536
-0.011614609849128092
-0.011638565713850179
-0.011662544113751986
-0.011686545026547871
-0.011710568429933503
-0.011734614301586047
-0.011758682619164374
-0.011782773360309202
-0.011806886502643296
-0.011831022023771625
-0.011855179901281565
-0.01187936011274304
-0.01190356263570871
-0.011927787447714153
-0.011952034526278023
-0.011976303848902258
-0.012000595393072197
-0.012024909136256794
-0.012049245055908774
-0.01207360312946481
-0.012097983334345688
-0.01212238564795647
-0.01214681004768671
-0.012171256510910552
-0.012195725014986935
-0.012220215537259778
-0.012244728055058106
-0.012269262545696288
-0.012293818986474083
-0.012318397354676951
-0.012342997627576114
-0.012367619782428762
-0.01239226379647821
-0.012416929646954055
-0.012441617311072387
-0.012466326766035873
-0.01249105798903399
-0.012515810957243152
-0.01254058564782685
-0.012565382037935922
-0.012590200104708541
-0.012615039825270558
-0.01263990117673552
-0.012664784136204909
-0.012689688680768264
-0.012714614787503362
-0.012739562433476393
-0.012764531595742054
-0.01278952225134377
-0.012814534377313825
-0.012839567950673508
-0.012864622948433315
-0.012889699347593018
-0.012914797125141946
-0.012939916258059018
-0.012965056723312957
-0.012990218497862444
-0.013015401558656233
-0.013040605882633399
-0.013065831446723368
-0.013091078227846132
-0.013116346202912414
-0.013141635348823786
-0.013166945642472833
-0.013192277060743298
-0.013217629580510268
-0.013243003178640259
-0.013268397831991413
-0.013293813517413622
-0.01331925021174868
-0.013344707891830484
-0.013370186534485044
-0.013395686116530805
-0.013421206614778664
-0.01344674800603215
-0.013472310267087605
-0.013497893374734261
-0.013523497305754485
-0.013549122036923796
-0.013574767545011114
-0.013600433806778844
-0.013626120798983028
-0.013651828498373554
-0.013677556881694133
-0.013703305925682654
-0.01372907560707115
-0.01375486590258603
-0.013780676788948176
-0.013806508242873102
-0.013832360241071125
-0.013858232760247417
-0.013884125777102222
-0.013910039268330957
-0.013935973210624364
-0.013961927580668616
-0.013987902355145496
-0.014013897510732532
-0.014039913024103068
-0.014065948871926472
-0.014092005030868235
-0.014118081477590083
-0.014144178188750203
-0.014170295141003248
-0.01419643231100057
-0.014222589675390281
-0.014248767210817444
-0.014274964893924172
-0.014301182701349734
-0.014327420609730773
-0.01435367859570133
-0.014379956635893034
-0.014406254706935216
-0.01443257278545503
-0.014458910848077622
-0.014485268871426175
-0.014511646832122128
-0.014538044706785236
-0.014564462472033723
-0.014590900104484406
-0.014617357580752806
-0.014643834877453323
-0.014670331971199288
-0.014696848838603128
-0.014723385456276479
-0.014749941800830307
-0.014776517848875091
-0.014803113577020783
-0.014829728961877136
-0.014856363980053678
-0.014883018608159888
-0.014909692822805303
-0.014936386600599644
-0.014963099918152955
-0.014989832752075681
-0.015016585078978805
-0.015043356875473974
-0.015070148118173593
-0.015096958783691024
-0.015123788848640532
-0.015150638289637608
-0.015177507083298935
-0.015204395206242552
-0.015231302635087979
-0.015258229346456315
-0.015285175316970387
-0.015312140523254813
-0.015339124941936132
-0.015366128549642935
-0.01539315132300597
-0.015420193238658241
-0.015447254273235117
-0.015474334403374496
-0.015501433605716843
-0.015528551856905326
-0.015555689133585945
-0.015582845412407616
-0.015610020670022323
-0.015637214883085157
-0.015664428028254494
-0.015691660082192044
-0.015718911021562997
-0.015746180823036127
-0.015773469463283864
-0.015800776918982476
-0.015828103166812088
-0.015855448183456813
-0.0158828119456049
-0.015910194429948774
-0.015937595613185224
-0.01596501547201538
-0.015992453983144955
-0.01601991112328426
-0.016047386869148316
-0.016074881197456994
-0.016102394084935065
-0.016129925508312378
-0.01615747544432386
-0.016185043869709686
-0.016212630761215353
-0.01624023609559179
-0.01626785984959549
-0.01629550199998849
-0.016323162523538638
-0.016350841397019554
-0.016378538597210786
-0.016406254100897907
-0.01643398788487258
-0.016461739925932733
-0.01648951020088254
-0.016517298686532598
-0.016545105359700003
-0.016572930197208412
-0.016600773175888248
-0.016628634272576596
-0.016656513464117503
-0.016684410727361945
-0.01671232603916795
-0.016740259376400713
-0.01676821071593264
-0.01679618003464352
-0.016824167309420525
-0.016852172517158343
-0.016880195634759277
-0.01690823663913332
-0.01693629550719826
-0.01696437221587971
-0.016992466742111335
-0.017020579062834766
-0.0170487091549998
-0.017076856995564466
-0.017105022561495074
-0.01713320582976639
-0.01716140677736162
-0.017189625381272545
-0.017217861618499617
-0.01724611546605201
-0.017274386900947743
-0.01730267590021373
-0.01733098244088591
-0.01735930650000926
-0.017387648054637952
-0.01741600708183538
-0.017444383558674253
-0.01747277746223676
-0.017501188769614477
-0.017529617457908642
-0.017558063504230094
-0.017586526885699432
-0.017615007579447062
-0.017643505562613255
-0.017672020812348328
-0.017700553305812574
-0.017729103020176464
-0.01775766993262067
-0.01778625402033612
-0.017814855260524187
-0.017843473630396574
-0.017872109107175616
-0.017900761668094182
-0.017929431290395828
-0.017958117951334854
-0.017986821628176376
-0.018015542298196456
-0.018044279938682076
-0.018073034526931302
-0.0181018060402533
-0.01813059445596844
-0.01815939975140837
-0.01818822190391606
-0.018217060890845946
-0.01824591668956389
-0.018274789277447346
-0.018303678631885405
-0.018332584730278823
-0.018361507550040207
-0.018390447068593902
-0.01841940326337626
-0.018448376111835574
-0.018477365591432177
-0.018506371679638593
-0.018535394353939427
-0.01856443359183166
-0.01859348937082453
-0.018622561668439678
-0.018651650462211233
-0.018680755729685822
-0.01870987744842273
-0.018739015595993808
-0.018768170149983724
-0.01879734108798991
-0.018826528387622634
-0.01885573202650516
-0.018884951982273638
-0.01891418823257737
-0.018943440755078724
-0.01897270952745327
-0.019001994527389803
-0.019031295732590436
-0.0190606131207707
-0.01908994666965946
-0.019119296356999185
-0.01914866216054582
-0.019178044058068982
-0.01920744202735193
-0.019236856046191672
-0.01926628609239907
-0.01929573214379874
-0.019325194178229328
-0.0193546721735434
-0.019384166107607573
-0.01941367595830256
-0.01944320170352325
-0.019472743321178713
-0.01950230078919233
-0.019531874085501784
-0.019561463188059142
-0.01959106807483095
-0.019620688723798223
-0.019650325112956533
-0.019679977220316086
-0.019709645023901736
-0.019739328501753067
-0.019769027631924466
-0.019798742392485105
-0.019828472761519077
-0.01985821871712542
-0.019887980237418158
-0.01991775730052634
-0.019947549884594174
-0.01997735796778097
-0.02000718152826127
-0.020037020544224876
-0.020066874993876896
-0.02009674485543779
-0.020126630107143464
-0.020156530727245263
-0.02018644669401005
-0.020216377985720273
-0.020246324580673974
-0.020276286457184874
-0.02030626359358241
-0.02033625596821179
-0.020366263559434016
-0.020396286345625982
-0.020426324305180463
-0.020456377416506206
-0.020486445658027985
-0.020516529008186596
-0.020546627445438954
-0.020576740948258124
-0.02060686949513336
-0.02063701306457016
-0.020667171635090298
-0.02069734518523192
-0.0207275336935495
-0.020757737138613952
-0.020787955499012696
-0.02081818875334962
-0.02084843688024517
-0.020878699858336434
-0.020908977666277112
-0.02093927028273759
-0.020969577686405012
-0.02099989985598328
-0.021030236770193108
-0.02106058840777209
-0.02109095474747471
-0.021121335768072385
-0.021151731448353542
-0.021182141767123627
-0.02121256670320513
-0.021243006235437685
-0.02127346034267806
-0.0213039290038002
-0.021334412197695295
-0.02136490990327181
-0.02139542209945549
-0.02142594876518946
-0.021456489879434215
-0.02148704542116766
-0.0215176153693852
-0.02154819970309972
-0.021578798401341623
-0.021609411443158935
-0.02164003880761726
-0.021670680473799858
-0.021701336420807685
-0.021732006627759436
-0.021762691073791522
-0.0217933897380582
-0.021824102599731533
-0.02185482963800143
-0.02188557083207577
-0.021916326161180295
-0.021947095604558754
-0.02197787914147292
-0.022008676751202588
-0.022039488413045597
-0.022070314106317965
-0.02210115381035379
-0.02213200750450538
-0.022162875168143227
-0.022193756780656094
-0.022224652321451002
-0.02225556176995326
-0.022286485105606553
-0.022317422307872908
-0.022348373356232753
-0.022379338230184967
-0.022410316909246882
-0.02244130937295431
-0.022472315600861624
-0.022503335572541715
-0.022534369267586066
-0.02256541666560481
-0.022596477746226674
-0.02262755248909909
-0.022658640873888195
-0.02268974288027885
-0.022720858487974654
-0.02275198767669804
-0.022783130426190228
-0.02281428671621128
-0.022845456526540166
-0.022876639836974712
-0.0229078366273317
-0.02293904687744686
-0.022970270567174902
-0.02300150767638954
-0.023032758184983543
-0.023064022072868708
-0.023095299319975938
-0.023126589906255265
-0.023157893811675826
-0.023189211016225928
-0.023220541499913094
-0.023251885242764038
-0.023283242224824693
-0.023314612426160303
-0.023345995826855356
-0.023377392407013656
-0.023408802146758365
-0.023440225026231987
-0.023471661025596387
-0.023503110125032884
-0.023534572304742166
-0.0235660475449444
-0.02359753582587924
-0.023629037127805803
-0.023660551431002725
-0.023692078715768214
-0.023723618962419996
-0.023755172151295405
-0.023786738262751347
-0.023818317277164398
-0.023849909174930736
-0.023881513936466214
-0.02391313154220639
-0.0239447619726065
-0.023976405208141514
-0.02400806122930615
-0.0240397300166149
-0.024071411550602002
-0.024103105811821554
-0.024134812780847427
-0.02416653243827335
-0.024198264764712922
-0.024230009740799596
-0.024261767347186727
-0.024293537564547614
-0.02432532037357545
-0.024357115754983373
-0.024388923689504526
-0.02442074415789201
-0.024452577140918915
-0.024484422619378384
-0.02451628057408356
-0.024548150985867642
-0.024580033835583926
-0.024611929104105743
-0.024643836772326552
-0.024675756821159942
-0.024707689231539584
-0.024739633984419328
-0.02477159106077319
-0.024803560441595332
-0.024835542107900125
-0.024867536040722147
-0.024899542221116185
-0.02493156063015725
-0.024963591248940636
-0.024995634058581857
-0.02502768904021672
-0.025059756175001325
-0.025091835444112073
-0.02512392682874565
-0.02515603031011912
-0.025188145869469842
-0.02522027348805554
-0.025252413147154325
-0.025284564828064668
-0.025316728512105414
-0.025348904180615837
-0.025381091814955608
-0.025413291396504844
-0.025445502906664055
-0.025477726326854244
-0.025509961638516848
-0.02554220882311377
-0.025574467862127408
-0.025606738737060642
-0.025639021429436856
-0.025671315920799947
-0.025703622192714323
-0.025735940226764918
-0.02576827000455725
-0.02580061150771732
-0.02583296471789174
-0.02586532961674768
-0.02589770618597287
-0.025930094407275638
-0.025962494262384922
-0.025994905733050244
-0.026027328801041742
-0.02605976344815018
-0.026092209656186947
-0.026124667406984065
-0.026157136682394222
-0.026189617464290736
-0.026222109734567574
-0.026254613475139417
-0.02628712866794157
-0.026319655294930033
-0.026352193338081524
-0.02638474277939342
-0.026417303600883797
-0.026449875784591487
-0.026482459312575982
-0.026515054166917497
-0.02654766032971703
-0.026580277783096247
-0.026612906509197575
-0.0266455464901842
-0.026678197708240033
-0.02671086014556973
-0.026743533784398758
-0.026776218606973292
-0.02680891459556028
-0.026841621732447498
-0.026874339999943434
-0.026907069380377402
-0.026939809856099457
-0.026972561409480504
-0.02700532402291219
-0.02703809767880698
-0.027070882359598147
-0.02710367804773977
-0.02713648472570671
-0.02716930237599468
-0.027202130981120176
-0.027234970523620512
-0.027267820986053855
-0.027300682350999163
-0.02733355460105623
-0.027366437718845678
-0.02739933168700896
-0.02743223648820835
-0.027465152105127
-0.027498078520468844
-0.027531015716958675
-0.027563963677342134
-0.02759692238438571
-0.027629891820876697
-0.02766287196962328
-0.02769586281345446
-0.027728864335220087
-0.02776187651779088
-0.027794899344058377
-0.02782793279693497
-0.027860976859353917
-0.027894031514269314
-0.027927096744656096
-0.027960172533510068
-0.027993258863847882
-0.028026355718707003
-0.028059463081145805
-0.028092580934243473
-0.02812570926110003
-0.02815884804483638
-0.02819199726859425
-0.028225156915536214
-0.028258326968845716
-0.02829150741172701
-0.0283246982274052
-0.028357899399126255
-0.02839111091015696
-0.02842433274378494
-0.02845756488331867
-0.028490807312087443
-0.028524060013441394
-0.0285573229707515
-0.028590596167409537
-0.028623879586828136
-0.028657173212440722
-0.028690477027701583
-0.028723791016085787
-0.028757115161089232
-0.028790449446228644
-0.028823793855041534
-0.028857148371086227
-0.02889051297794187
-0.02892388765920839
-0.028957272398506515
-0.02899066717947778
-0.029024071985784494
-0.029057486801109745
-0.029090911609157454
-0.02912434639365226
-0.029157791138339592
-0.02919124582698569
-0.02922471044337751
-0.029258184971322782
-0.02929166939465003
-0.029325163697208487
-0.02935866786286814
-0.029392181875519736
-0.029425705719074782
-0.029459239377465453
-0.02949278283464472
-0.02952633607458624
-0.02955989908128439
-0.029593471838754295
-0.02962705433103174
-0.029660646542173236
-0.029694248456255998
-0.02972786005737792
-0.029761481329657575
-0.029795112257234243
-0.029828752824267845
-0.029862403014938973
-0.029896062813448917
-0.029929732204019573
-0.0299634111708935
-0.029997099698333925
-0.030030797770624677
-0.03006450537207022
-0.03009822248699567
-0.03013194909974671
-0.030165685194689647
-0.03019943075621143
-0.030233185768719546
-0.03026695021664208
-0.030300724084427723
-0.030334507356545713
-0.030368300017485868
-0.030402102051758542
-0.030435913443894666
-0.03046973417844568
-0.03050356423998358
-0.03053740361310089
-0.030571252282410637
-0.03060511023254635
-0.030638977448162102
-0.030672853913932416
-0.030706739614552295
-0.030740634534737268
-0.030774538659223284
-0.030808451972766753
-0.030842374460144584
-0.030876306106154074
-0.030910246895612954
-0.030944196813359432
-0.030978155844252078
-0.03101212397316988
-0.031046101185012245
-0.03108008746469895
-0.03111408279717013
-0.031148087167386325
-0.031182100560328427
-0.03121612296099765
-0.03125015435441558
-0.031284194725624125
-0.0313182440596855
-0.03135230234168225
-0.03138636955671721
-0.0314204456899135
-0.03145453072641454
-0.03148862465138401
-0.031522727450005825
-0.031556839107484205
-0.031590959609043553
-0.03162508893992855
-0.031659227085404064
-0.03169337403075517
-0.03172752976128717
-0.031761694262325516
-0.03179586751921587
-0.031830049517324016
-0.031864240242035956
-0.03189843967875779
-0.03193264781291572
-0.031966864629956154
-0.032001090115345535
-0.03203532425457045
-0.032069567033137535
-0.03210381843657355
-0.032138078450425274
-0.032172347060259544
-0.032206624251663284
-0.03224091001024339
-0.032275204321626796
-0.03230950717146045
-0.03234381854541131
-0.03237813842916625
-0.03241246680843221
-0.03244680366893602
-0.03248114899642444
-0.03251550277666424
-0.03254986499544206
-0.03258423563856442
-0.032618614691857825
-0.03265300214116858
-0.03268739797236291
-0.03272180217132688
-0.0327562147239664
-0.032790635616207216
-0.03282506483399492
-0.03285950236329487
-0.032893948190092254
-0.032928402300392026
-0.03296286468021891
-0.03299733531561739
-0.033031814192651686
-0.03306630129740578
-0.033100796615983315
-0.033135300134507696
-0.03316981183912198
-0.03320433171598891
-0.033238859751290914
-0.033273395931230035
-0.033307940242027975
-0.033342492669926074
-0.03337705320118524
-0.03341162182208599
-0.03344619851892847
-0.03348078327803234
-0.033515376085736834
-0.03354997692840073
-0.033584585792402304
-0.0336192026641394
-0.0336538275300293
-0.03368846037650884
-0.03372310119003425
-0.03375774995708126
-0.033792406664145055
-0.03382707129774021
-0.03386174384440073
-0.03389642429068002
-0.0339311126231509
-0.03396580882840548
-0.034000512893055314
-0.03403522480373124
-0.034069944547083446
-0.03410467210978142
-0.034139407478513975
-0.03417415063998916
-0.03420890158093433
-0.034243660288096056
-0.03427842674824019
-0.03431320094815178
-0.034347982874635086
-0.03438277251451355
-0.03441756985462983
-0.034452374881845695
-0.034487187583042075
-0.034522007945119074
-0.034556835954995854
-0.03459167159961072
-0.03462651486592104
-0.03466136574090327
-0.03469622421155289
-0.03473109026488447
-0.03476596388793156
-0.03480084506774671
-0.03483573379140153
-0.03487063004598654
-0.034905533818611244
-0.03494044509640411
-0.03497536386651252
-0.03501029011610274
-0.03504522383236
-0.03508016500248836
-0.03511511361371077
-0.03515006965326904
-0.035185033108423774
-0.03522000396645443
-0.03525498221465928
-0.03528996784035533
-0.035324960830878424
-0.0353599611735831
-0.03539496885584269
-0.03542998386504918
-0.03546500618861333
-0.03550003581396455
-0.03553507272855094
-0.03557011691983924
-0.03560516837531484
-0.03564022708248177
-0.03567529302886262
-0.03571036620199863
-0.035745446589449587
-0.03578053417879382
-0.03581562895762823
-0.03585073091356822
-0.035885840034247704
-0.03592095630731909
-0.035956079720453275
-0.03599121026133958
-0.03602634791768581
-0.03606149267721816
-0.03609664452768123
-0.036131803456838044
-0.03616696945246998
-0.03620214250237674
-0.03623732259437644
-0.03627250971630545
-0.036307703856018454
-0.03634290500138848
-0.036378113140306756
-0.03641332826068281
-0.0364485503504444
-0.036483779397537476
-0.03651901538992621
-0.03655425831559298
-0.03658950816253831
-0.036624764918780854
-0.036660028572357437
-0.036695299111323
-0.03673057652375052
-0.03676586079773116
-0.036801151921374065
-0.03683644988280644
-0.03687175467017354
-0.03690706627163863
-0.03694238467538294
-0.03697770986960572
-0.037013041842524144
-0.03704838058237332
-0.037083726077406336
-0.03711907831589412
-0.03715443728612554
-0.03718980297640727
-0.03722517537506392
-0.03726055447043788
-0.03729594025088934
-0.03733133270479637
-0.037366731820554736
-0.03740213758657801
-0.03743754999129752
-0.037472969023162286
-0.03750839467063906
-0.037543826922212295
-0.03757926576638411
-0.03761471119167425
-0.037650163186620164
-0.03768562173977686
-0.03772108683971698
-0.037756558475030746
-0.03779203663432595
-0.03782752130622791
-0.0378630124793795
-0.0378985101424411
-0.037934014284090566
-0.037969524893023264
-0.03800504195795199
-0.03804056546760699
-0.03807609541073592
-0.038111631776103876
-0.038147174552493286
-0.03818272372870397
-0.038218279293553106
-0.038253841235875184
-0.038289409544522035
-0.03832498420836274
-0.03836056521628369
-0.03839615255718853
-0.03843174621999812
-0.03846734619365054
-0.038502952467101136
-0.03853856502932234
-0.038574183869303794
-0.03860980897605233
-0.03864544033859185
-0.03868107794596335
-0.038716721787225
-0.03875237185145195
-0.038788028127736476
-0.03882369060518783
-0.03885935927293234
-0.03889503412011326
-0.03893071513589092
-0.03896640230944251
-0.03900209562996224
-0.0390377950866612
-0.03907350066876739
-0.039109212365525725
-0.039144930166197946
-0.039180654060062686
-0.039216384036415385
-0.03925212008456828
-0.03928786219385043
-0.03932361035360767
-0.039359364553202575
-0.03939512478201444
-0.03943089102943934
-0.03946666328488998
-0.039502441537795766
-0.03953822577760281
-0.039574015993773796
-0.0396098121757881
-0.039645614313141675
-0.03968142239534701
-0.03971723641193328
-0.039753056352446095
-0.03978888220644766
-0.03982471396351667
-0.039860551613248314
-0.03989639514525424
-0.03993224454916261
-0.03996809981461794
-0.040003960931281224
-0.04003982788882983
-0.040075700676957524
-0.04011157928537439
-0.040147463703806896
-0.04018335392199782
-0.04021924992970624
-0.04025515171670753
-0.04029105927279331
-0.04032697258777145
-0.04036289165146609
-0.040398816453717526
-0.040434746984382236
-0.04047068323333294
-0.04050662519045846
-0.04054257284566372
-0.040578526188869854
-0.040614485210014005
-0.0406504498990494
-0.04068642024594538
-0.04072239624068727
-0.04075837787327644
-0.04079436513373023
-0.04083035801208201
-0.04086635649838109
-0.04090236058269268
-0.040938370255098
-0.0409743855056941
-0.04101040632459393
-0.04104643270192634
-0.04108246462783602
-0.041118502092483446
-0.04115454508604496
-0.04119059359871266
-0.041226647620694404
-0.04126270714221385
-0.041298772153510355
-0.04133484264483899
-0.04137091860647053
-0.04140700002869144
-0.0414430869018038
-0.041479179216125366
-0.04151527696198951
-0.041551380129745165
-0.04158748870975691
-0.04162360269240484
-0.04165972206808458
-0.04169584682720734
-0.04173197696019975
-0.041768112457504
-0.04180425330957772
-0.04184039950689397
-0.04187655103994123
-0.04191270789922345
-0.04194887007525991
-0.04198503755858527
-0.04202121033974958
-0.04205738840931815
-0.042093571757871685
-0.04212976037600613
-0.04216595425433273
-0.04220215338347795
-0.04223835775408356
-0.04227456735680647
-0.042310782182318825
-0.04234700222130798
-0.04238322746447639
-0.0424194579025417
-0.04245569352623665
-0.042491934326309086
-0.04252818029352194
-0.04256443141865322
-0.04260068769249598
-0.04263694910585828
-0.042673215649563195
-0.04270948731444881
-0.04274576409136816
-0.04278204597118922
-0.04281833294479491
-0.042854625003083076
-0.04289092213696642
-0.04292722433737258
-0.04296353159524398
-0.04299984390153792
-0.04303616124722649
-0.043072483623296624
-0.043108811020749975
-0.04314514343060301
-0.04318148084388691
-0.043217823251647566
-0.0432541706449456
-0.04329052301485629
-0.0433268803524696
-0.04336324264889013
-0.04339960989523713
-0.043435982082644396
-0.043472359202260384
-0.04350874124524806
-0.043545128202784986
-0.04358152006606324
-0.0436179168262894
-0.04365431847468453
-0.04369072500248423
-0.04372713640093847
-0.04376355266131171
-0.04379997377488281
-0.04383639973294506
-0.04387283052680606
-0.04390926614778784
-0.043945706587226754
-0.04398215183647342
-0.04401860188689286
-0.04405505672986432
-0.0440915163567813
-0.0441279807590516
-0.044164449928097184
-0.044200923855354256
-0.04423740253227326
-0.044273885950318725
-0.04431037410096935
-0.04434686697571804
-0.04438336456607174
-0.044419866863551496
-0.044456373859692457
-0.044492885546043845
-0.04452940191416887
-0.044565922955644786
-0.04460244866206289
-0.04463897902502839
-0.044675514036160484
-0.04471205368709236
-0.04474859796947106
-0.04478514687495759
-0.044821700395226816
-0.044858258521967474
-0.044894821246882176
-0.04493138856168734
-0.044967960458113194
-0.04500453692790378
-0.045041117962816915
-0.04507770355462416
-0.045114293695110816
-0.04515088837607592
-0.045187487589332206
-0.04522409132670606
-0.04526069958003759
-0.04529731234118048
-0.04533392960200208
-0.045370551354383365
-0.04540717759021886
-0.04544380830141667
-0.04548044347989848
-0.04551708311759947
-0.04555372720646836
-0.04559037573846736
-0.04562702870557214
-0.045663686099771846
-0.04570034791306909
-0.04573701413747983
-0.045773684765033504
-0.04581035978777291
-0.045847039197754194
-0.04588372298704684
-0.04592041114773373
-0.045957103671910964
-0.045993800551687995
-0.04603050177918754
-0.046067207346545555
-0.046103917245911244
-0.04614063146944702
-0.0461773500093285
-0.0462140728577445
-0.04625080000689694
-0.04628753144900097
-0.046324267176284795
-0.04636100718098976
-0.046397751455370284
-0.04643449999169389
-0.04647125278224109
-0.046508009819305494
-0.04654477109519369
-0.04658153660222527
-0.04661830633273283
-0.046655080279061886
-0.046691858433570904
-0.046728640788631294
-0.046765427336627384
-0.04680221806995634
-0.04683901298102823
-0.04687581206226597
-0.046912615306105306
-0.0469494227049948
-0.04698623425139582
-0.04702304993778246
-0.04705986975664165
-0.047096693700473015
-0.047133521761788914
-0.0471703539331144
-0.04720719020698724
-0.047244030575957836
-0.047280875032589285
-0.04731772356945727
-0.047354576179150114
-0.047391432854268715
-0.04742829358742661
-0.0474651583712498
-0.047502027198376914
-0.04753890006145907
-0.04757577695315987
-0.04761265786615546
-0.047649542793134415
-0.04768643172679775
-0.04772332465985898
-0.04776022158504396
-0.04779712249509098
-0.047834027382750714
-0.04787093624078621
-0.04790784906197281
-0.047944765839098236
-0.04798168656496251
-0.048018611232377904
-0.04805553983416901
-0.04809247236317266
-0.048129408812237935
-0.04816634917422609
-0.048203293442010645
-0.04824024160847727
-0.04827719366652379
-0.04831414960906022
-0.04835110942900866
-0.04838807311930336
-0.04842504067289065
-0.04846201208272893
-0.04849898734178867
-0.04853596644305237
-0.048572949379514604
-0.04860993614418187
-0.04864692673007273
-0.04868392113021769
-0.04872091933765917
-0.04875792134545163
-0.048794927146661324
-0.048831936734366505
-0.04886895010165727
-0.048905967241635595
-0.04894298814741526
-0.04898001281212196
-0.049017041228893124
-0.04905407339087803
-0.049091109291237715
-0.049128148923144974
-0.049165192279784345
-0.049202239354352126
-0.04923929014005628
-0.049276344630116466
-0.04931340281776407
-0.04935046469624206
-0.04938753025880511
-0.04942459949871948
-0.049461672409263045
-0.04949874898372525
-0.049535829215407154
-0.049572913097621345
-0.049610000623691905
-0.04964709178695453
-0.04968418658075634
-0.049721284998455954
-0.049758387033423494
-0.04979549267904049
-0.04983260192869992
-0.04986971477580618
-0.04990683121377509
-0.04994395123603381
-0.04998107483602086
-0.050018202007186166
-0.05005533274299093
-0.05009246703690769
-0.05012960488242027
-0.050166746273023796
-0.050203891202224606
-0.05024103966354037
-0.050278191650499904
-0.05031534715664324
-0.05035250617552169
-0.05038966870069764
-0.05042683472574469
-0.05046400424424758
-0.05050117724980218
-0.05053835373601543
-0.050575533696505436
-0.05061271712490133
-0.05064990401484328
-0.05068709435998258
-0.05072428815398147
-0.05076148539051322
-0.05079868606326214
-0.05083589016592345
-0.05087309769220336
-0.05091030863581903
-0.05094752299049853
-0.05098474074998085
-0.051021961908015855
-0.05105918645836431
-0.05109641439479781
-0.051133645711098824
-0.051170880401060645
-0.05120811845848733
-0.05124535987719379
-0.05128260465100567
-0.05131985277375938
-0.051357104239302113
-0.051394359041491734
-0.05143161717419682
-0.05146887863129673
-0.051506143406681366
-0.0515434114942514
-0.05158068288791809
-0.051617957581603355
-0.05165523556923968
-0.05169251684477021
-0.05172980140214863
-0.051767089235339174
-0.05180438033831666
-0.051841674705066405
-0.05187897232958426
-0.051916273205876544
-0.051953577327960125
-0.05199088468986225
-0.05202819528562068
-0.05206550910928357
-0.05210282615490951
-0.05214014641656749
-0.052177469888336866
-0.05221479656430739
-0.05225212643857915
-0.052289459505262585
-0.05232679575847842
-0.05236413519235772
-0.05240147780104182
-0.05243882357868233
-0.0524761725194411
-0.05251352461749026
-0.05255087986701214
-0.052588238262199244
-0.05262559979725434
-0.052662964466390315
-0.052700332263830224
-0.0527377031838073
-0.05277507722056487
-0.05281245436835637
-0.05284983462144537
-0.052887217974105484
-0.05292460442062041
-0.052961993955283886
-0.052999386572399686
-0.053036782266281605
-0.05307418103125345
-0.053111582861648986
-0.05314898775181196
-0.0531863956960961
-0.05322380668886504
-0.053261220724492346
-0.05329863779736149
-0.05333605790186588
-0.0533734810324087
-0.05341090718340311
-0.05344833634927206
-0.05348576852444829
-0.05352320370337445
-0.053560641880502906
-0.05359808305029585
-0.05363552720722521
-0.05367297434577272
-0.053710424460429805
-0.05374787754569761
-0.053785333596087025
-0.0538227926061186
-0.05386025457032255
-0.05389771948323879
-0.053935187339416865
-0.05397265813341591
-0.054010131859804744
-0.05404760851316173
-0.05408508808807483
-0.05412257057914159
-0.05416005598096909
-0.05419754428817393
-0.0542350354953823
-0.05427252959722985
-0.05431002658836169
-0.054347526463432494
-0.05438502921710632
-0.05442253484405671
-0.05446004333896664
-0.05449755469652848
-0.054535068911444017
-0.05457258597842444
-0.054610105892190286
-0.05464762864747145
-0.054685154239007175
-0.054722682661546056
-0.05476021390984594
-0.05479774797867404
-0.0548352848628068
-0.054872824557029944
-0.05491036705613848
-0.0549479123549366
-0.054985460448237766
-0.05502301133086461
-0.055060564997649004
-0.05509812144343194
-0.05513568066306363
-0.05517324265140339
-0.055210807403319684
-0.055248374913690106
-0.05528594517740136
-0.055323518189349226
-0.05536109394443854
-0.05539867243758325
-0.05543625366370632
-0.05547383761773969
-0.055511424294624453
-0.05554901368931057
-0.05558660579675706
-0.05562420061193191
-0.055661798129812035
-0.055699398345383316
-0.05573700125364058
-0.05577460684958753
-0.0558122151282368
-0.055849826084609915
-0.05588743971373723
-0.055925056010658
-0.05596267497042031
-0.056000296588081075
-0.056037920858706
-0.05607554777736963
-0.05611317733915529
-0.05615080953915503
-0.05618844437246972
-0.05622608183420893
-0.05626372191949098
-0.05630136462344289
-0.05633900994120041
-0.05637665786790792
-0.05641430839871853
-0.05645196152879398
-0.05648961725330465
-0.05652727556742955
-0.05656493646635634
-0.056602599945281246
-0.056640265999409065
-0.05667793462395323
-0.05671560581413566
-0.056753279565186866
-0.056790955872345894
-0.056828634730860264
-0.05686631613598607
-0.056904000082987814
-0.05694168656713851
-0.056979375583719676
-0.0570170671280212
-0.05705476119534146
-0.057092457780987246
-0.057130156880273716
-0.05716785848852446
-0.05720556260107146
-0.057243269213255
-0.05728097832042378
-0.0573186899179348
-0.05735640400115338
-0.05739412056545321
-0.057431839606216166
-0.057469561118832536
-0.05750728509870077
-0.05754501154122763
-0.057582740441828116
-0.05762047179592541
-0.05765820559895097
-0.057695941846344447
-0.05773368053355363
-0.05777142165603452
-0.05780916520925128
-0.057846911188676194
-0.05788465958978972
-0.057922410408080396
-0.05796016363904491
-0.057997919278187975
-0.05803567732102245
-0.058073437763069245
-0.058111200599857284
-0.05814896582692359
-0.05818673343981318
-0.058224503434079054
-0.05826227580528229
-0.05830005054899187
-0.058337827660784804
-0.05837560713624605
-0.05841338897096849
-0.05845117316055295
-0.05848895970060822
-0.05852674858675093
-0.05856453981460562
-0.058602333379804764
-0.05864012927798863
-0.05867792750480539
-0.05871572805591105
-0.058753530926969416
-0.05879133611365214
-0.05882914361163867
-0.05886695341661624
-0.058904765524279847
-0.05894257993033228
-0.05898039663048406
-0.059018215620453444
-0.059056036895966425
-0.05909386045275669
-0.05913168628656564
-0.05916951439314238
-0.05920734476824363
-0.059245177407633826
-0.059283012307085006
-0.05932084946237691
-0.05935868886929683
-0.05939653052363969
-0.05943437442120803
-0.05947222055781197
-0.059510068929269154
-0.059547919531404855
-0.05958577236005183
-0.059623627411050394
-0.05966148468024841
-0.05969934416350121
-0.059737205856671596
-0.05977506975562995
-0.059812935856254024
-0.059850804154429074
-0.059888674646047774
-0.05992654732701029
-0.05996442219322414
-0.06000229924060429
-0.06004017846507305
-0.06007805986256019
-0.060115943429002755
-0.06015382916034527
-0.060191717052539506
-0.060229607101544576
-0.060267499303326956
-0.06030539365386038
-0.06034329014912594
-0.060381188785111936
-0.06041908955781402
-0.060456992463235035
-0.060494897497385104
-0.06053280465628159
-0.06057071393594903
-0.060608625332419216
-0.06064653884173114
-0.060684454459930974
-0.06072237218307205
-0.06076029200721484
-0.06079821392842701
-0.060836137942783336
-0.06087406404636574
-0.060911992235263245
-0.060949922505571956
-0.06098785485339509
-0.06102578927484292
-0.06106372576603281
-0.061101664323089167
-0.06113960494214345
-0.06117754761933408
-0.0612154923508066
-0.06125343913271347
-0.061291387961214173
-0.061329338832475204
-0.06136729174266999
-0.06140524668797893
-0.06144320366458934
-0.0614811626686955
-0.06151912369649859
-0.061557086744206756
-0.06159505180803496
-0.061633018884205124
-0.06167098796894598
-0.06170895905849319
-0.06174693214908916
-0.061784907236983294
-0.06182288431843169
-0.06186086338969732
-0.06189884444704995
-0.06193682748676613
-0.061974812505129165
-0.06201279949842925
-0.062050788462963184
-0.06208877939503462
-0.06212677229095387
-0.06216476714703805
-0.06220276395961092
-0.062240762725002945
-0.062278763439551355
-0.062316766099599956
-0.0623547707014993
-0.06239277724160654
-0.06243078571628549
-0.0624687961219066
-0.06250680845484698
-0.06254482271149027
-0.06258283888822676
-0.0626208569814533
-0.06265887698757336
-0.0626968989029969
-0.06273492272414051
-0.0627729484474273
-0.06281097606928689
-0.0628490055861554
-0.06288703699447552
-0.06292507029069637
-0.06296310547127362
-0.06300114253266938
-0.06303918147135222
-0.06307722228379717
-0.0631152649664857
-0.0631533095159057
-0.0631913559285515
-0.06322940420092384
-0.06326745432952982
-0.06330550631088294
-0.06334356014150314
-0.06338161581791658
-0.06341967333665595
-0.06345773269426015
-0.06349579388727447
-0.0635338569122505
-0.06357192176574611
-0.06360998844432553
-0.06364805694455927
-0.06368612726302408
-0.06372419939630299
-0.06376227334098529
-0.0638003490936665
-0.06383842665094837
-0.06387650600943892
-0.06391458716575234
-0.06395267011650903
-0.06399075485833557
-0.06402884138786473
-0.06406692970173544
-0.0641050197965928
-0.06414311166908808
-0.06418120531587863
-0.06421930073362798
-0.06425739791900575
-0.06429549686868766
-0.06433359757935549
-0.06437170004769723
-0.0644098042704068
-0.06444791024418427
-0.0644860179657357
-0.06452412743177328
-0.0645622386390151
-0.06460035158418544
-0.06463846626401444
-0.06467658267523832
-0.06471470081459926
-0.06475282067884543
-0.06479094226473094
-0.06482906556901594
-0.06486719058846643
-0.06490531731985441
-0.06494344575995777
-0.06498157590556035
-0.06501970775345184
-0.06505784130042794
-0.06509597654329013
-0.06513411347884578
-0.06517225210390816
-0.06521039241529639
-0.06524853440983537
-0.06528667808435598
-0.06532482343569479
-0.06536297046069423
-0.06540111915620253
-0.06543926951907374
-0.06547742154616762
-0.06551557523434984
-0.06555373058049169
-0.0655918875814703
-0.06563004623416853
-0.06566820653547494
-0.06570636848228384
-0.06574453207149525
-0.06578269730001493
-0.06582086416475427
-0.06585903266263039
-0.06589720279056606
-0.06593537454548971
-0.06597354792433545
-0.06601172292404302
-0.0660498995415578
-0.06608807777383077
-0.06612625761781858
-0.06616443907048344
-0.06620262212879313
-0.0662408067897211
-0.0662789930502463
-0.06631718090735328
-0.06635537035803213
-0.0663935613992785
-0.06643175402809356
-0.06646994824148404
-0.06650814403646216
-0.06654634141004565
-0.06658454035925772
-0.06662274088112712
-0.066660942972688
-0.06669914663098009
-0.06673735185304847
-0.06677555863594373
-0.0668137669767219
-0.0668519768724444
-0.06689018832017808
-0.06692840131699526
-0.06696661585997361
-0.0670048319461962
-0.06704304957275149
-0.0670812687367333
-0.06711948943524079
-0.06715771166537858
-0.06719593542425652
-0.06723416070898984
-0.0672723875166991
-0.06731061584451017
-0.06734884568955422
-0.06738707704896775
-0.06742530991989253
-0.06746354429947557
-0.06750178018486923
-0.06754001757323107
-0.06757825646172388
-0.0676164968475158
-0.0676547387277801
-0.06769298209969533
-0.0677312269604452
-0.06776947330721869
-0.06780772113720994
-0.06784597044761824
-0.06788422123564818
-0.06792247349850937
-0.0679607272334167
-0.06799898243759012
-0.0680372391082548
-0.06807549724264095
-0.068113756837984
-0.06815201789152447
-0.06819028040050792
-0.06822854436218509
-0.06826680977381175
-0.06830507663264876
-0.06834334493596209
-0.0683816146810227
-0.06841988586510667
-0.06845815848549508
-0.06849643253947406
-0.06853470802433473
-0.06857298493737331
-0.06861126327589091
-0.06864954303719377
-0.06868782421859299
-0.06872610681740472
-0.06876439083095007
-0.06880267625655513
-0.06884096309155092
-0.06887925133327341
-0.0689175409790635
-0.06895583202626701
-0.06899412447223471
-0.06903241831432226
-0.06907071354989024
-0.06910901017630408
-0.06914730819093412
-0.0691856075911556
-0.06922390837434857
-0.06926221053789798
-0.06930051407919362
-0.06933881899563013
-0.06937712528460695
-0.06941543294352837
-0.06945374196980347
-0.06949205236084618
-0.0695303641140752
-0.06956867722691401
-0.06960699169679088
-0.06964530752113887
-0.06968362469739575
-0.0697219432230041
-0.06976026309541124
-0.06979858431206919
-0.06983690687043476
-0.0698752307679694
-0.06991355600213939
-0.06995188257041554
-0.06999021047027355
-0.07002853969919368
-0.07006687025466092
-0.0701052021341649
-0.07014353533519994
-0.07018186985526498
-0.07022020569186367
-0.07025854284250424
-0.07029688130469955
-0.07033522107596711
-0.07037356215382905
-0.07041190453581204
-0.07045024821944745
-0.07048859320227112
-0.07052693948182358
-0.07056528705564985
-0.07060363592129956
-0.07064198607632685
-0.07068033751829048
-0.0707186868189777
-0.07074074909939158
-0.07062151009611883
-0.07027875156404516
-0.0697480258855651
-0.06909000603599169
-0.06835434987727812
-0.06757582107363849
-0.06677756123717747
-0.06597467895750583
-0.06517692706184634
-0.06439051815307376
-0.0636193218412678
-0.06286565064879235
-0.062130778293296975
-0.06141528425677846
-0.06071928492649121
-0.060042589975034914
-0.05938480894311816
-0.058745424299795124
-0.05812384170839703
-0.05751942465050917
-0.05693151822916482
-0.05635946543510178
-0.05580261813455153
-0.05526034434559109
-0.0547320328990049
-0.05421709625550304
-0.053714972026168706
-0.05322512358553611
-0.05274704005564831
-0.052280235860596644
-0.05182424999470801
-0.05137864510710276
-0.050943006476160325
-0.050516940926302746
-0.050100075724163855
-0.04969205748005734
-0.049292551072526634
-0.04890123860785683
-0.04851781842213409
-0.04814200413033534
-0.0477735237246996
-0.047412118723048305
-0.04705754336660026
-0.04670956386606692
-0.04636795769429866
-0.04603251292343042
-0.04570302760428598
-0.04537930918571525
-0.045061173971513456
-0.04474844661260888
-0.04444095963226602
-0.0441385529821416
-0.043841073627128725
-0.043548375157039944
